1

351 1. VOCABULA SATIRARUM PERSII.

1311.11,19.11,52. 163. 161. 11, 51. 63. -
1311111.11,5.-111111.1,129. anne. 111, 39.
1311111167. 11111111.1,156. - 1111111111.
111. 1, 2. 11, 27. - 111. 1, 81 11, 11.
111, 7. V, 163.an angues. 1, 113.
111111. 11, 39. anguine. 11, 13.
11111. 1, 16. 111, 115.-1111. angustae. 111, 50. - angustae.
111, 89. - 1111. 1, 110. V, 111, 2.
183.- 11111. 1, 59. anhelet. 1, 11. - anhelanti.
1111. 1, 57. V, 10.
algen. 111, 115. - algente. 111, 1111111111. 1, 23. - 11,61.
111. -111111, 11, 75.
alienia. 1, 22. 111111.11,7. 1, 39.-111111.
1111111. 1, 32. 111, 8. 77. - 11, 73. V, 65.
aliquem. 1, 129. -11111111 annos. 11, 2. V, 36. 69.
1, 11. 125111, 60. V, 137. 1111111111, 13.
11, 32. 61. anseris. 11, 71.
11111.1,83. 11, 18. - 1111. 1111. 1, 71. 11, 33. 11, 5. 15.
111, 36. -· 111111. 11, 19. 1,115.112. 166.
1, 68. Anticyras. 11, 16.
1111. 1,188. Antiopa. 1, 78.
11111. 1, 27. 11, 76. - 111111. 1111111111. 1, 86.
1, 67. 11, 26. anns. IV, 19.
11111111. V, 155. 156. Apennino. 1, 95.
1111. 111, 33. 103. 1, 95. aperio. 11, 7.
ambages. 111, 20. 1111111112.-11111111.1,38.
1111181111, 31. 1111111. 179.
1111111.1,177. 11111. V, 110. -- aptaveris.
1111. V, 13. - 1111111. V, V, 95.
15. aptior. 11, 20. -111111.1,15.
emens. 111, 20. 16.
11111111, 28. - 11111. 1, Apula. 1, 60.
116. - 11111. V, 23. - aqualiculus. 1, 57.
111111. 111, 17. 1, 109. 1111.Ῑ1,26.
11111111, 53. 111111. 1, 102.

· 111. 1, 55. 111111.1,75.-111111.11,11.

1111111111, 101. Arcadiae. 111, 9.
annornm. IV, 18. 111111. 11, 35. (111.) 1, 29.
amplexa. V, 182. Arcesilas. 111, 79.
11. 1, 11. 87. 11,19.26. 111, arcessis. 11, 15. - 11111111.
19.27.61.1,83.125.155. 1,172.
11111. 111, 60.

 

