ιι. ιΝυιοεε IN scnouA ET vmm
ΑΝτιρυΑΜ.

Α. Scriptorum.

Acron 1156. 110144011182. 131.
Aesopus lv, 24. 13, 29. 140.
Cicero 113. 111. 1123.
- Cat. 112,25. 1, 86. 1119. V, 10.
-p.c0e1.11‚25. 111. 14, 29. V, 44.
-ΡΙιίΙ, (1) 172. 1185. 1110.
Cornelius Severus 195. 1, 5, 72. 111, 22.
Dares Phrygius 1, 50 n. 16,5. 140.
Ennius pr. 2. 111126. 111, 31.
-annal.prine. 111110. 1, 10, 71. 1106.
Fulgent. etym. libr. 1411. 5. 11115. 114.
Hesiodus pr. 1. . 11127. V, 52.
nonnam, 2, 26. 113. 11, 2, 24. 111114.
1, 3, 9. V, 22. 11,2,103. 11170.
1113. 111115. 113,13. 111, 21.
1156411. 11117. 11, 3, 69. 1119.
1117811. 11153. 11, 3, 83. IV, 16.
1111881. 1114. 11, 3,143. V, 147.
118,11. 1101. 113161. 11165.
131110. 111. 1131246. V, 108.
1153411. 112. 11, 31259. V, 161.
11111 sq. 11, 2. 11155. 11193.
11, 1117. V, 48. 1114111. V, 106.
111, 12, 2. 111. epp. 1‚19,17sq. V, 55.
11123,17. 1175. 1, 20, 13. 1, 43.
111, 29, 1. 11128. a. p. 120. 170.
111, 29, 4. IV, 37. luvenalis 1, 1. 1, 70.
IV, 3, 21. 1, 28. 1143. 111, 98.
11’,12,2. 114. 11130· l, 110.

epod. 1, 34. 11131. Vl, 195. 121.
1111113. 1166. 1111158811. Π, 53.

 

