ΙΙ. INDICES ΙΝ 86110116 ET 9111111 mmmm. 389

luvenalis 911, 241. 1, 18. 911314111120311. 9, 41.
· X, 52⁸4 1133. 111443. 111616.
11120311. 19, 18. 111649. 192.
1111133. 9, 31. 111673. pr. 6.
1111122716. 11, 24. 111628. ΙΙ, 36.
Labeo · 14. V, 128. 9130.
Lucilius 1279140. 9, 746. ΙΙ, 5.
Ι.Ι. 1, 2. 91120, 914.
1. 19. 1111. 9122416. 9133.
Ι. Χ. 9111238240. 91376. 9, 48.
101661111381. 148. 91, 606. 11170.
1113. 19, 19. 91647. 916.
9, 72 sq. 612. 91804. Ι, 101.
11163. 1118. 91844. Ι,74.
Martialis 1119, 78. 1118. 911, 84. ΙΙΙ, 99.
Menander Eunueh. 9,161. 911184. 9146.
Nero 1, 93. 96. 911383. 11161.
Troica 1121. 911, 464. 91, 9.
0111111611, 393 σᾳ. 91, 61. 911633. 117.
x,519sq. Ι, 2. 9111, 403. Ι, 14.
119, 88. 11166. 9111, 409. 91, 46.
ΡΙιιιΙ.ΑιιΙιιΙ.111,48. 11189. 9111, 687. Ι, 11.
Poeta anonym. 1861913. 9111722. 9147.
81116111011141111 1161. lx, 427. 111.
Sisenna vi.p.24¹. ΙΧ, 682. 118.
’1616111111111136 11, 64. Χ, 137. 129.
116111, 1,1. 9,161. Χ,838. 116.
1126. 11120. 11114216111103.
9161611110. 19, 27. 111148. Ι9,13.
11114. 9, 62. 111192. 111163.
Ι9,3,18. 1131. 111664. 197.
Varro 1721169. xl, 667. 131.
9ηττο(Αῑιο.1 11, 36. 1111661128. 116.
9031611163. 114. 11, 8. 1116.
1318. 11121. - 1166. 9, 63.
1320. 118. 111103. 1134.
1386. 11180. 9, 86. 164.
1496. 111, 80. 9116. 11169.
Ι, 703 σᾳ. 111, 74. Georg. 1208. 9, 47.
11698. 1126. 1389. V, 12.
111104. 11126. 1692. 9, 66.
111161. 11136. ΙΙ, 43. Ι, 29.

Α .

 

